99	2016630	35
473	2019355	135
158	2019355	180
736	2019355	110
538	2019355	235
425	2019355	115
358	2019360	170
479	2066700	25
374	2094960	25
645	2102665	35
347	2102810	140
626	2130640	25
789	2132900	25
774	2138055	60
662	2160430	70
342	2169820	25
649	2171140	85
24	2200225	35
342	2227145	25
433	2228655	25
424	2233105	65
649	2245540	70
364	2246170	30
718	2276265	25
474	2281840	35
761	2285100	30
243	2309755	30
436	2312505	35
628	2325655	30
346	2347105	30
699	2361210	40
474	2380580	75
795	2412550	15
472	2459420	25
741	2463900	40
749	2488885	40
48	2489125	25
131	2500810	35
355	2507945	20
784	2526510	95
774	2555605	60
93	2561525	180
649	2613325	70
93	2628330	25
153	2639310	35
72	2655840	35
261	2675890	20
346	2683150	40
274	2690795	25
785	2702930	80
1	2705980	25
93	2709150	80
699	2711420	85
711	2726155	35
187	2736740	35
480	2757955	30
516	2770200	20
5	2833860	35
106	2885885	35
176	2896810	35
93	2896815	25
649	2926460	60
144	2929820	35
724	2934290	75
649	2943430	40
458	2970830	30
347	2981710	40
580	3000190	435
576	3000190	195
364	3000190	395
500	3000190	625
662	3000195	165
351	3000195	400
157	3000195	370
150	3000195	400
354	3000195	405
355	3000195	360
31	3000195	185
30	3000195	190
780	3000195	185
782	3000195	535
371	3000195	370
155	3000195	370
176	3000195	255
70	3000195	405
754	3000195	435
42	3000195	190
43	3000195	190
264	3000195	610
257	3000195	665
269	3000195	505
64	3000195	480
263	3000195	335
260	3000195	345
272	3000195	345
67	3000195	365
60	3000195	390
252	3000195	405
472	3000195	180
262	3000195	410
53	3000195	410
72	3000195	410
471	3000195	165
455	3000195	165
465	3000195	175
663	3000195	175
469	3000195	480
463	3000195	170
454	3000195	170
468	3000195	490
669	3000195	245
473	3000195	180
623	3000195	340
622	3000195	430
418	3000195	435
407	3000195	460
419	3000195	565
421	3000195	570
613	3000195	475
416	3000195	320
605	3000195	335
616	3000195	390
617	3000195	350
788	3000195	180
784	3000195	180
791	3000195	175
776	3000195	190
775	3000195	190
779	3000195	190
589	3000195	180
88	3000195	390
279	3000195	540
96	3000195	405
621	3000195	365
288	3000195	325
276	3000195	395
296	3000195	740
590	3000195	180
244	3000195	195
582	3000195	180
417	3000195	365
578	3000195	180
45	3000195	190
20	3000195	310
420	3000195	365
422	3000195	365
382	3000195	235
55	3000195	465
265	3000195	430
268	3000195	425
62	3000195	420
51	3000195	420
261	3000195	420
50	3000195	415
183	3000195	345
250	3000195	470
285	3000195	340
180	3000195	380
579	3000195	200
778	3000195	440
168	3000195	485
152	3000195	475
153	3000195	535
154	3000195	385
591	3000195	190
783	3000195	185
787	3000195	185
575	3000195	185
577	3000195	185
28	3000195	185
581	3000195	185
588	3000195	190
32	3000195	185
34	3000195	185
246	3000195	190
90	3000195	510
86	3000195	540
77	3000195	565
275	3000195	400
502	3000195	495
107	3000195	400
106	3000195	400
311	3000195	660
700	3000195	615
516	3000195	510
508	3000195	515
514	3000195	495
517	3000195	530
322	3000195	410
515	3000195	490
710	3000195	485
715	3000195	465
507	3000195	460
720	3000195	460
703	3000195	535
716	3000195	435
510	3000195	405
433	3000195	490
525	3000195	405
741	3000195	400
726	3000195	390
739	3000195	380
740	3000195	335
747	3000195	325
443	3000195	570
648	3000195	475
706	3000195	395
632	3000195	305
312	3000195	470
301	3000195	450
111	3000195	440
306	3000195	440
118	3000195	435
300	3000195	430
313	3000195	415
704	3000195	840
678	3000195	440
695	3000195	440
487	3000195	440
681	3000195	445
684	3000195	455
125	3000195	210
504	3000195	620
512	3000195	600
676	3000195	765
501	3000195	715
511	3000195	670
709	3000195	645
707	3000195	645
713	3000195	640
520	3000195	590
708	3000195	595
506	3000195	610
477	3000195	750
523	3000195	375
714	3000195	365
722	3000195	545
518	3000195	545
711	3000195	555
509	3000195	560
701	3000195	570
505	3000195	575
748	3000195	370
481	3000195	750
483	3000195	820
493	3000195	825
686	3000195	850
485	3000195	870
491	3000195	875
479	3000195	890
476	3000195	940
526	3000195	465
551	3000195	335
764	3000195	335
750	3000195	300
559	3000195	380
763	3000195	380
557	3000195	365
755	3000195	360
554	3000195	360
729	3000195	475
563	3000195	525
528	3000195	690
736	3000195	580
725	3000195	565
693	3000195	585
488	3000195	590
497	3000195	600
478	3000195	630
482	3000195	665
568	3000195	445
480	3000195	400
690	3000195	530
675	3000195	470
728	3000195	525
735	3000195	505
733	3000195	505
531	3000195	555
738	3000195	485
737	3000195	425
553	3000195	440
730	3000195	485
751	3000195	435
550	3000195	385
765	3000195	590
762	3000195	525
761	3000195	515
556	3000195	460
677	3000195	690
638	3000195	575
635	3000195	430
532	3000195	435
727	3000195	435
527	3000195	420
687	3000195	670
432	3000195	425
446	3000195	700
444	3000195	800
425	3000195	420
642	3000195	425
445	3000195	345
428	3000195	415
634	3000195	405
309	3000195	500
304	3000195	555
117	3000195	560
314	3000195	595
100	3000195	600
114	3000195	450
636	3000195	405
489	3000195	720
102	3000195	390
104	3000195	355
310	3000195	400
586	3000200	180
281	3000200	390
585	3000200	180
584	3000200	180
798	3000200	180
781	3000200	180
278	3000200	390
587	3000200	425
522	3000200	365
595	3000200	170
785	3000200	175
786	3000200	175
789	3000200	175
790	3000200	175
795	3000200	175
797	3000200	175
597	3000200	175
796	3000200	175
712	3000200	480
496	3000200	820
83	3000200	360
291	3000200	370
81	3000200	370
284	3000200	385
92	3000200	385
702	3000200	460
521	3000200	475
719	3000200	425
723	3000200	500
513	3000200	540
519	3000200	570
503	3000200	600
721	3000200	445
287	3000200	370
718	3000200	380
717	3000200	415
387	3000200	310
680	3000200	545
186	3000200	435
378	3000200	405
384	3000200	385
381	3000200	380
377	3000200	375
178	3000200	350
177	3000200	340
182	3000200	320
385	3000200	320
683	3000200	560
175	3000200	250
383	3000200	245
179	3000200	235
392	3000200	235
386	3000200	235
376	3000200	225
375	3000200	225
185	3000200	215
181	3000200	210
380	3000200	255
498	3000200	480
490	3000200	540
688	3000200	390
698	3000200	415
475	3000200	420
682	3000200	425
495	3000200	425
685	3000200	435
697	3000200	435
492	3000200	435
689	3000200	440
315	3000200	525
696	3000200	440
494	3000200	445
694	3000200	545
679	3000200	715
692	3000200	685
46	3000200	185
486	3000200	620
691	3000200	605
484	3000200	565
283	3000200	480
103	3000200	405
80	3000200	430
75	3000200	570
294	3000200	565
293	3000200	555
79	3000200	550
91	3000200	525
290	3000200	515
280	3000200	485
95	3000200	480
108	3000200	410
277	3000200	470
84	3000200	445
89	3000200	440
82	3000200	440
292	3000200	440
97	3000200	435
289	3000200	575
87	3000200	400
78	3000200	390
297	3000200	390
121	3000200	385
115	3000200	325
303	3000200	340
101	3000200	340
113	3000200	365
302	3000200	375
116	3000200	385
109	3000200	575
316	3000200	575
110	3000200	485
323	3000200	480
282	3000200	390
105	3000200	395
122	3000200	395
123	3000200	395
307	3000200	480
119	3000200	440
305	3000200	400
308	3000200	440
318	3000200	400
120	3000200	400
431	3000200	405
645	3000200	425
625	3000200	430
448	3000200	430
630	3000200	455
437	3000200	465
441	3000200	470
435	3000200	490
440	3000200	495
629	3000200	420
447	3000200	505
628	3000200	525
439	3000200	585
643	3000200	655
639	3000200	555
631	3000200	555
436	3000200	525
641	3000200	595
627	3000200	395
128	3000200	485
325	3000200	500
147	3000200	500
338	3000200	180
346	3000200	180
347	3000200	180
326	3000200	185
644	3000200	390
233	3000200	180
633	3000200	395
647	3000200	395
442	3000200	405
426	3000200	410
434	3000200	410
637	3000200	415
429	3000200	415
626	3000200	420
753	3000200	450
254	3000200	255
256	3000200	400
58	3000200	395
61	3000200	340
253	3000200	390
230	3000200	180
228	3000200	180
760	3000200	605
251	3000200	260
770	3000200	425
773	3000200	410
771	3000200	400
572	3000200	375
759	3000200	365
570	3000200	360
566	3000200	345
565	3000200	345
68	3000200	495
232	3000200	180
231	3000200	180
69	3000200	425
56	3000200	425
259	3000200	425
270	3000200	420
255	3000200	415
59	3000200	405
340	3000200	340
71	3000200	520
66	3000200	530
54	3000200	330
267	3000200	315
73	3000200	310
57	3000200	305
266	3000200	300
65	3000200	295
548	3000200	430
543	3000200	475
745	3000200	475
744	3000200	475
743	3000200	475
533	3000200	465
742	3000200	455
540	3000200	450
544	3000200	440
731	3000200	490
542	3000200	425
541	3000200	365
538	3000200	280
27	3000200	185
26	3000200	185
25	3000200	185
248	3000200	185
239	3000200	185
547	3000200	615
41	3000200	185
47	3000200	185
48	3000200	185
225	3000200	180
226	3000200	180
39	3000200	185
36	3000200	185
529	3000200	685
238	3000200	185
530	3000200	585
734	3000200	535
537	3000200	510
534	3000200	500
545	3000200	490
539	3000200	320
536	3000200	490
732	3000200	490
129	3000200	185
328	3000200	185
330	3000200	185
331	3000200	185
335	3000200	185
339	3000200	185
344	3000200	185
126	3000200	185
127	3000200	185
134	3000200	190
132	3000200	185
136	3000200	185
140	3000200	185
143	3000200	185
146	3000200	185
131	3000200	190
327	3000200	185
145	3000200	190
241	3000200	180
229	3000200	185
44	3000200	180
38	3000200	180
227	3000200	180
35	3000200	180
29	3000200	180
247	3000200	180
243	3000200	180
295	3000200	600
240	3000200	180
237	3000200	180
236	3000200	180
235	3000200	180
430	3000200	335
438	3000200	335
640	3000200	390
234	3000200	180
670	3000200	240
664	3000200	160
467	3000200	565
466	3000200	490
650	3000200	165
653	3000200	165
659	3000200	165
660	3000200	165
661	3000200	165
608	3000200	305
656	3000200	175
673	3000200	170
658	3000200	170
657	3000200	170
464	3000200	165
462	3000200	165
459	3000200	165
458	3000200	165
609	3000200	305
620	3000200	470
610	3000200	480
604	3000200	350
401	3000200	190
402	3000200	190
412	3000200	190
600	3000200	175
400	3000200	190
456	3000200	165
408	3000200	305
415	3000200	310
611	3000200	315
606	3000200	320
612	3000200	320
614	3000200	320
601	3000200	255
410	3000200	285
667	3000200	165
207	3000200	195
204	3000200	310
18	3000200	325
16	3000200	335
221	3000200	340
451	3000200	165
672	3000200	165
668	3000200	165
205	3000200	190
666	3000200	165
460	3000200	170
286	3000200	315
76	3000200	335
98	3000200	345
94	3000200	350
85	3000200	595
93	3000200	845
14	3000200	365
452	3000200	165
214	3000200	350
216	3000200	350
217	3000200	350
209	3000200	355
220	3000200	360
203	3000200	365
215	3000200	365
756	3000200	595
21	3000200	370
23	3000200	370
218	3000200	375
17	3000200	375
223	3000200	385
15	3000200	390
219	3000200	425
19	3000200	505
165	3000200	425
359	3000200	415
350	3000200	425
164	3000200	405
162	3000200	435
163	3000200	450
151	3000200	395
366	3000200	390
362	3000200	460
37	3000200	180
372	3000200	305
361	3000200	560
367	3000200	360
161	3000200	355
171	3000200	580
156	3000200	365
170	3000200	315
357	3000200	595
766	3000200	470
772	3000200	345
561	3000200	340
752	3000200	545
567	3000200	535
562	3000200	535
552	3000200	525
767	3000200	500
569	3000200	475
404	3000200	425
555	3000200	340
769	3000200	320
758	3000200	300
564	3000200	285
52	3000200	385
271	3000200	355
63	3000200	350
273	3000200	395
403	3000200	330
671	3000200	160
450	3000200	160
457	3000200	160
654	3000200	450
470	3000200	175
651	3000200	160
615	3000200	450
607	3000200	330
160	3000200	435
405	3000200	350
406	3000200	350
423	3000200	350
413	3000200	360
409	3000200	365
411	3000200	365
618	3000200	425
619	3000200	465
461	3000200	160
360	3000200	555
358	3000200	310
167	3000200	470
172	3000200	275
352	3000200	500
365	3000200	275
369	3000200	270
158	3000200	385
166	3000200	260
169	3000200	385
370	3000200	490
353	3000200	490
665	3000200	165
453	3000200	430
298	3000205	300
427	3000205	380
652	3000205	155
655	3000205	155
112	3000205	375
337	3000205	180
40	3000205	180
794	3000205	170
793	3000205	170
593	3000205	165
187	3000205	245
746	3000205	285
189	3000205	320
33	3000205	175
342	3000205	180
336	3000205	180
321	3000205	305
319	3000205	310
333	3000205	180
320	3000205	400
332	3000205	180
414	3000205	350
603	3000205	190
596	3000205	170
592	3000205	175
594	3000205	175
390	3000205	345
193	3000205	210
389	3000205	210
388	3000205	210
379	3000205	370
245	3000205	175
139	3000205	195
137	3000205	185
329	3000205	185
148	3000205	180
142	3000205	180
135	3000205	180
348	3000205	180
373	3000205	310
212	3000205	320
13	3000205	315
138	3000205	175
141	3000205	175
144	3000205	175
4	3000205	395
12	3000205	335
5	3000205	260
130	3000205	175
363	3000205	215
206	3000205	310
210	3000205	305
10	3000205	270
356	3000205	425
173	3000205	285
159	3000205	250
7	3000205	320
202	3000205	190
201	3000205	190
9	3000205	370
208	3000205	375
2	3000205	190
200	3000205	195
6	3000205	370
11	3000205	250
334	3000205	175
222	3000205	340
213	3000205	340
211	3000205	340
242	3000205	175
8	3000205	320
345	3000210	170
792	3000210	160
499	3000210	325
474	3000210	250
3	3000210	180
391	3000210	210
190	3000215	200
192	3000215	195
274	3000215	175
324	3000215	260
99	3000215	310
674	3000215	270
624	3000215	155
424	3000215	175
774	3000215	150
724	3000215	185
299	3000215	185
49	3000215	185
749	3000215	195
649	3000215	225
699	3000215	235
394	3000215	210
1	3000215	305
24	3000220	165
174	3000220	145
249	3000220	130
549	3000220	165
124	3000220	170
374	3000220	175
574	3000220	200
149	3000220	130
188	3000220	190
224	3000225	110
343	3000235	140
546	3000245	215
393	3000250	125
0	3000285	175
646	3000380	45
465	3000405	265
667	3000420	20
653	3000420	255
661	3000430	250
660	3000435	205
464	3000435	225
672	3000435	5
400	3000435	40
459	3000440	235
672	3000450	175
650	3000450	355
670	3000450	175
669	3000450	175
667	3000450	175
132	3000450	250
666	3000455	165
656	3000455	220
458	3000455	360
175	3000455	85
665	3000460	205
460	3000465	205
326	3000470	225
135	3000470	230
659	3000470	180
335	3000475	185
454	3000475	165
451	3000485	190
471	3000485	315
456	3000490	470
452	3000495	125
473	3000500	225
671	3000500	125
668	3000500	125
588	3000500	145
65	3000510	95
461	3000515	595
664	3000515	105
662	3000515	90
462	3000515	415
673	3000515	110
651	3000515	110
463	3000515	125
450	3000515	110
658	3000515	115
663	3000515	165
470	3000515	210
457	3000515	155
657	3000515	160
455	3000515	160
472	3000515	160
652	3000520	100
655	3000525	95
333	3000525	180
142	3000535	205
244	3000535	195
338	3000555	95
129	3000555	130
330	3000555	95
131	3000555	90
376	3000555	30
586	3000555	130
25	3000555	90
779	3000555	45
35	3000560	115
34	3000560	130
46	3000560	105
48	3000560	150
44	3000560	80
344	3000560	150
348	3000560	50
127	3000560	110
134	3000560	95
337	3000560	85
331	3000560	75
775	3000560	170
783	3000560	95
798	3000560	100
241	3000565	85
41	3000565	45
225	3000565	40
130	3000565	35
145	3000565	40
146	3000565	40
242	3000570	115
790	3000570	40
40	3000570	35
240	3000570	100
346	3000570	95
245	3000570	35
125	3000575	105
750	3000575	175
144	3000580	30
143	3000580	35
246	3000580	105
31	3000580	25
597	3000590	95
794	3000600	75
632	3000610	150
706	3000610	225
88	3000625	175
671	3000630	60
673	3000630	55
450	3000630	50
668	3000630	45
667	3000630	230
670	3000630	110
755	3000630	120
672	3000630	240
669	3000630	65
342	3000635	100
4	3000635	30
263	3000635	115
157	3000635	105
480	3000640	45
310	3000645	210
566	3000650	30
664	3000660	140
640	3000665	140
276	3000665	250
96	3000675	135
278	3000675	100
351	3000675	30
744	3000680	15
743	3000680	85
745	3000680	150
539	3000685	260
773	3000685	25
684	3000685	90
52	3000690	40
544	3000695	80
454	3000710	100
645	3000710	55
65	3000710	85
492	3000715	280
83	3000725	175
445	3000725	35
494	3000730	30
265	3000735	90
20	3000735	25
681	3000735	210
447	3000735	125
587	3000735	115
250	3000740	25
695	3000740	355
735	3000740	105
689	3000750	40
282	3000750	40
669	3000755	35
435	3000755	130
620	3000765	90
647	3000765	140
523	3000765	130
502	3000770	140
256	3000770	35
642	3000770	30
696	3000785	285
463	3000795	150
514	3000800	205
453	3000815	130
694	3000815	30
468	3000820	130
498	3000825	110
639	3000825	25
56	3000830	115
421	3000830	115
422	3000835	30
275	3000850	20
762	3000860	145
289	3000870	105
342	3000870	145
685	3000895	40
534	3000905	135
509	3000910	240
244	3000925	40
528	3000940	130
708	3000950	45
84	3000955	45
486	3000955	90
575	3000975	35
718	3000990	80
264	3000990	95
270	3001000	90
518	3001030	40
542	3001030	30
561	3001035	35
500	3001040	80
279	3001040	40
673	3001050	60
497	3001060	105
762	3001075	30
493	3001080	145
444	3001100	40
660	3001105	185
714	3001120	260
683	3001130	35
725	3001185	105
744	3001190	145
680	3001245	90
509	3001250	150
134	3001275	120
692	3001300	240
657	3001300	85
310	3001305	220
475	3001330	225
511	3001355	20
658	3001390	40
559	3001395	135
714	3001430	25
493	3001510	25
439	3001580	155
763	3001640	25
435	3001705	160
498	3001780	90
763	3001870	35
506	3001870	85
649	3001980	75
264	3002185	70
690	3002465	75
502	3002570	85
494	3002580	290
132	3003195	120
634	3004255	20
577	3004365	100
704	3004405	20
465	3004605	105
351	3008205	145
551	3018175	30
649	3021150	35
269	3023760	35
198	3041855	40
437	3048435	25
543	3058685	25
540	3058915	110
667	3065085	25
699	3067525	35
724	3071830	35
512	3076360	15
724	3098845	55
483	3101670	35
93	3114095	40
499	3117835	80
324	3128155	25
774	3153445	70
474	3165455	55
649	3167035	75
201	3178090	30
522	3217245	30
658	3229455	20
448	3234690	30
669	3249885	145
186	3254920	30
14	3262390	25
30	3282115	20
473	3301425	25
233	3312290	20
187	3333110	175
539	3337925	45
683	3341575	40
342	3346425	25
474	3378555	45
649	3398285	40
649	3403510	115
708	3421450	50
774	3427620	45
649	3454925	30
342	3471230	80
342	3471435	25
774	3484935	30
611	3490990	30
724	3540800	60
624	3552060	70
462	3587755	30
187	3596315	25
769	3615095	45
170	3627275	25
424	3636575	55
724	3637610	60
60	3665735	25
749	3680295	65
331	3730785	45
81	3751505	80
783	3781365	35
82	3786890	95
163	3828990	85
649	3831740	70
93	3843885	25
3	3847770	20
63	3851200	30
774	3881610	75
475	3898905	20
93	3918430	75
699	3926590	40
34	3935075	30
490	3946060	25
152	3952335	40
611	3962125	25
649	3974795	60
649	3980310	95
